{
 "cells": [
  {
   "cell_type": "code",
   "execution_count": 2,
   "id": "f0b1206b-5bad-444c-9f9c-0dd30bec94bc",
   "metadata": {},
   "outputs": [],
   "source": [
    "import pandas as pd\n",
    "import numpy as np\n",
    "import matplotlib.pyplot as plt\n",
    "import seaborn as sns\n",
    "\n",
    "import warnings\n",
    "warnings.filterwarnings('ignore')"
   ]
  },
  {
   "cell_type": "code",
   "execution_count": 14,
   "id": "c018b2ca-497a-4dd4-a92b-0cd0c3e49d0e",
   "metadata": {},
   "outputs": [
    {
     "data": {
      "text/html": [
       "<div>\n",
       "<style scoped>\n",
       "    .dataframe tbody tr th:only-of-type {\n",
       "        vertical-align: middle;\n",
       "    }\n",
       "\n",
       "    .dataframe tbody tr th {\n",
       "        vertical-align: top;\n",
       "    }\n",
       "\n",
       "    .dataframe thead th {\n",
       "        text-align: right;\n",
       "    }\n",
       "</style>\n",
       "<table border=\"1\" class=\"dataframe\">\n",
       "  <thead>\n",
       "    <tr style=\"text-align: right;\">\n",
       "      <th></th>\n",
       "      <th>CRIM</th>\n",
       "      <th>ZN</th>\n",
       "      <th>INDUS</th>\n",
       "      <th>CHAS</th>\n",
       "      <th>NOX</th>\n",
       "      <th>RM</th>\n",
       "      <th>AGE</th>\n",
       "      <th>DIS</th>\n",
       "      <th>RAD</th>\n",
       "      <th>TAX</th>\n",
       "      <th>PTRATIO</th>\n",
       "      <th>B</th>\n",
       "      <th>LSTAT</th>\n",
       "      <th>MEDV</th>\n",
       "    </tr>\n",
       "  </thead>\n",
       "  <tbody>\n",
       "    <tr>\n",
       "      <th>0</th>\n",
       "      <td>0.00632</td>\n",
       "      <td>18.0</td>\n",
       "      <td>2.31</td>\n",
       "      <td>0</td>\n",
       "      <td>0.538</td>\n",
       "      <td>6.575</td>\n",
       "      <td>65.2</td>\n",
       "      <td>4.0900</td>\n",
       "      <td>1</td>\n",
       "      <td>296</td>\n",
       "      <td>15.3</td>\n",
       "      <td>396.90</td>\n",
       "      <td>4.98</td>\n",
       "      <td>24.0</td>\n",
       "    </tr>\n",
       "    <tr>\n",
       "      <th>1</th>\n",
       "      <td>0.02731</td>\n",
       "      <td>0.0</td>\n",
       "      <td>7.07</td>\n",
       "      <td>0</td>\n",
       "      <td>0.469</td>\n",
       "      <td>6.421</td>\n",
       "      <td>78.9</td>\n",
       "      <td>4.9671</td>\n",
       "      <td>2</td>\n",
       "      <td>242</td>\n",
       "      <td>17.8</td>\n",
       "      <td>396.90</td>\n",
       "      <td>9.14</td>\n",
       "      <td>21.6</td>\n",
       "    </tr>\n",
       "    <tr>\n",
       "      <th>2</th>\n",
       "      <td>0.02729</td>\n",
       "      <td>0.0</td>\n",
       "      <td>7.07</td>\n",
       "      <td>0</td>\n",
       "      <td>0.469</td>\n",
       "      <td>7.185</td>\n",
       "      <td>61.1</td>\n",
       "      <td>4.9671</td>\n",
       "      <td>2</td>\n",
       "      <td>242</td>\n",
       "      <td>17.8</td>\n",
       "      <td>392.83</td>\n",
       "      <td>4.03</td>\n",
       "      <td>34.7</td>\n",
       "    </tr>\n",
       "    <tr>\n",
       "      <th>3</th>\n",
       "      <td>0.03237</td>\n",
       "      <td>0.0</td>\n",
       "      <td>2.18</td>\n",
       "      <td>0</td>\n",
       "      <td>0.458</td>\n",
       "      <td>6.998</td>\n",
       "      <td>45.8</td>\n",
       "      <td>6.0622</td>\n",
       "      <td>3</td>\n",
       "      <td>222</td>\n",
       "      <td>18.7</td>\n",
       "      <td>394.63</td>\n",
       "      <td>2.94</td>\n",
       "      <td>33.4</td>\n",
       "    </tr>\n",
       "    <tr>\n",
       "      <th>4</th>\n",
       "      <td>0.06905</td>\n",
       "      <td>0.0</td>\n",
       "      <td>2.18</td>\n",
       "      <td>0</td>\n",
       "      <td>0.458</td>\n",
       "      <td>7.147</td>\n",
       "      <td>54.2</td>\n",
       "      <td>6.0622</td>\n",
       "      <td>3</td>\n",
       "      <td>222</td>\n",
       "      <td>18.7</td>\n",
       "      <td>396.90</td>\n",
       "      <td>5.33</td>\n",
       "      <td>36.2</td>\n",
       "    </tr>\n",
       "    <tr>\n",
       "      <th>...</th>\n",
       "      <td>...</td>\n",
       "      <td>...</td>\n",
       "      <td>...</td>\n",
       "      <td>...</td>\n",
       "      <td>...</td>\n",
       "      <td>...</td>\n",
       "      <td>...</td>\n",
       "      <td>...</td>\n",
       "      <td>...</td>\n",
       "      <td>...</td>\n",
       "      <td>...</td>\n",
       "      <td>...</td>\n",
       "      <td>...</td>\n",
       "      <td>...</td>\n",
       "    </tr>\n",
       "    <tr>\n",
       "      <th>506</th>\n",
       "      <td>0.98765</td>\n",
       "      <td>0.0</td>\n",
       "      <td>12.50</td>\n",
       "      <td>0</td>\n",
       "      <td>0.561</td>\n",
       "      <td>6.980</td>\n",
       "      <td>89.0</td>\n",
       "      <td>2.0980</td>\n",
       "      <td>3</td>\n",
       "      <td>320</td>\n",
       "      <td>23.0</td>\n",
       "      <td>396.00</td>\n",
       "      <td>12.00</td>\n",
       "      <td>12.0</td>\n",
       "    </tr>\n",
       "    <tr>\n",
       "      <th>507</th>\n",
       "      <td>0.23456</td>\n",
       "      <td>0.0</td>\n",
       "      <td>12.50</td>\n",
       "      <td>0</td>\n",
       "      <td>0.561</td>\n",
       "      <td>6.980</td>\n",
       "      <td>76.0</td>\n",
       "      <td>2.6540</td>\n",
       "      <td>3</td>\n",
       "      <td>320</td>\n",
       "      <td>23.0</td>\n",
       "      <td>343.00</td>\n",
       "      <td>25.00</td>\n",
       "      <td>32.0</td>\n",
       "    </tr>\n",
       "    <tr>\n",
       "      <th>508</th>\n",
       "      <td>0.44433</td>\n",
       "      <td>0.0</td>\n",
       "      <td>12.50</td>\n",
       "      <td>0</td>\n",
       "      <td>0.561</td>\n",
       "      <td>6.123</td>\n",
       "      <td>98.0</td>\n",
       "      <td>2.9870</td>\n",
       "      <td>3</td>\n",
       "      <td>320</td>\n",
       "      <td>23.0</td>\n",
       "      <td>343.00</td>\n",
       "      <td>21.00</td>\n",
       "      <td>54.0</td>\n",
       "    </tr>\n",
       "    <tr>\n",
       "      <th>509</th>\n",
       "      <td>0.77763</td>\n",
       "      <td>0.0</td>\n",
       "      <td>12.70</td>\n",
       "      <td>0</td>\n",
       "      <td>0.561</td>\n",
       "      <td>6.222</td>\n",
       "      <td>34.0</td>\n",
       "      <td>2.5430</td>\n",
       "      <td>3</td>\n",
       "      <td>329</td>\n",
       "      <td>23.0</td>\n",
       "      <td>343.00</td>\n",
       "      <td>76.00</td>\n",
       "      <td>67.0</td>\n",
       "    </tr>\n",
       "    <tr>\n",
       "      <th>510</th>\n",
       "      <td>0.65432</td>\n",
       "      <td>0.0</td>\n",
       "      <td>12.80</td>\n",
       "      <td>0</td>\n",
       "      <td>0.561</td>\n",
       "      <td>6.760</td>\n",
       "      <td>67.0</td>\n",
       "      <td>2.9870</td>\n",
       "      <td>3</td>\n",
       "      <td>345</td>\n",
       "      <td>23.0</td>\n",
       "      <td>321.00</td>\n",
       "      <td>45.00</td>\n",
       "      <td>24.0</td>\n",
       "    </tr>\n",
       "  </tbody>\n",
       "</table>\n",
       "<p>511 rows × 14 columns</p>\n",
       "</div>"
      ],
      "text/plain": [
       "        CRIM    ZN  INDUS  CHAS    NOX     RM   AGE     DIS  RAD  TAX  \\\n",
       "0    0.00632  18.0   2.31     0  0.538  6.575  65.2  4.0900    1  296   \n",
       "1    0.02731   0.0   7.07     0  0.469  6.421  78.9  4.9671    2  242   \n",
       "2    0.02729   0.0   7.07     0  0.469  7.185  61.1  4.9671    2  242   \n",
       "3    0.03237   0.0   2.18     0  0.458  6.998  45.8  6.0622    3  222   \n",
       "4    0.06905   0.0   2.18     0  0.458  7.147  54.2  6.0622    3  222   \n",
       "..       ...   ...    ...   ...    ...    ...   ...     ...  ...  ...   \n",
       "506  0.98765   0.0  12.50     0  0.561  6.980  89.0  2.0980    3  320   \n",
       "507  0.23456   0.0  12.50     0  0.561  6.980  76.0  2.6540    3  320   \n",
       "508  0.44433   0.0  12.50     0  0.561  6.123  98.0  2.9870    3  320   \n",
       "509  0.77763   0.0  12.70     0  0.561  6.222  34.0  2.5430    3  329   \n",
       "510  0.65432   0.0  12.80     0  0.561  6.760  67.0  2.9870    3  345   \n",
       "\n",
       "     PTRATIO       B  LSTAT  MEDV  \n",
       "0       15.3  396.90   4.98  24.0  \n",
       "1       17.8  396.90   9.14  21.6  \n",
       "2       17.8  392.83   4.03  34.7  \n",
       "3       18.7  394.63   2.94  33.4  \n",
       "4       18.7  396.90   5.33  36.2  \n",
       "..       ...     ...    ...   ...  \n",
       "506     23.0  396.00  12.00  12.0  \n",
       "507     23.0  343.00  25.00  32.0  \n",
       "508     23.0  343.00  21.00  54.0  \n",
       "509     23.0  343.00  76.00  67.0  \n",
       "510     23.0  321.00  45.00  24.0  \n",
       "\n",
       "[511 rows x 14 columns]"
      ]
     },
     "execution_count": 14,
     "metadata": {},
     "output_type": "execute_result"
    }
   ],
   "source": [
    "# https://www.kaggle.com/datasets/arslanali4343/real-estate-dataset\n",
    "\n",
    "data = pd.read_csv('./data.csv')\n",
    "\n",
    "data\n",
    "\n",
    "# CRIM: 지역 범죄율 (per capita crime)\n",
    "# ZN: 소속 도시에 25,000 제곱 피트(sq.ft) 이상의 주택지 비율\n",
    "# INDUS: 소속 도시에 상업적 비즈니스에 활용되지 않는 농지 면적\n",
    "# CHAS: 해당 지역이 Charles 강과 접하고 있는지 여부 (dummy variable)\n",
    "# NOX: 소속 도시의 산화질소 농도\n",
    "# RM: 해당 지역의 자택당 평균 방 갯수\n",
    "# AGE: 해당 지역에 1940년 이전에 건설된 주택의 비율\n",
    "# DIS: 5개의 보스턴 고용 센터와의 거리에 따른 가중치 부여\n",
    "# RAD: 소속 도시가 Radial 고속도로와의 접근성 지수\n",
    "# TAX: 소속 도시의 10000달러당 재산세\n",
    "# PTRATIO: 소속 도시의 학생-교사 비율\n",
    "# B: 해당 지역의 흑인 지수 (1000(Bk - 0.63)^2), Bk는 흑인의 비율\n",
    "# LSTAT: 해당 지역의 빈곤층 비율\n",
    "# MEDV: 해당 지역의 주택 가격 (중앙값) (corrected median values of housing in USD 1000)\n",
    "\n",
    "# 집값에 영향을 미치는 요인들\n"
   ]
  },
  {
   "cell_type": "code",
   "execution_count": 20,
   "id": "afa1319e-b6d6-4647-8f66-e0dc94cad48d",
   "metadata": {},
   "outputs": [
    {
     "data": {
      "text/html": [
       "<div>\n",
       "<style scoped>\n",
       "    .dataframe tbody tr th:only-of-type {\n",
       "        vertical-align: middle;\n",
       "    }\n",
       "\n",
       "    .dataframe tbody tr th {\n",
       "        vertical-align: top;\n",
       "    }\n",
       "\n",
       "    .dataframe thead th {\n",
       "        text-align: right;\n",
       "    }\n",
       "</style>\n",
       "<table border=\"1\" class=\"dataframe\">\n",
       "  <thead>\n",
       "    <tr style=\"text-align: right;\">\n",
       "      <th></th>\n",
       "      <th>MEDV</th>\n",
       "      <th>CRIM</th>\n",
       "      <th>ZN</th>\n",
       "      <th>INDUS</th>\n",
       "      <th>CHAS</th>\n",
       "      <th>NOX</th>\n",
       "      <th>RM</th>\n",
       "      <th>AGE</th>\n",
       "      <th>DIS</th>\n",
       "      <th>RAD</th>\n",
       "      <th>TAX</th>\n",
       "      <th>PTRATIO</th>\n",
       "      <th>B</th>\n",
       "      <th>LSTAT</th>\n",
       "    </tr>\n",
       "  </thead>\n",
       "  <tbody>\n",
       "    <tr>\n",
       "      <th>MEDV</th>\n",
       "      <td>1.000000</td>\n",
       "      <td>-0.380072</td>\n",
       "      <td>0.339767</td>\n",
       "      <td>-0.463269</td>\n",
       "      <td>0.164782</td>\n",
       "      <td>-0.411486</td>\n",
       "      <td>0.667695</td>\n",
       "      <td>-0.368203</td>\n",
       "      <td>0.233469</td>\n",
       "      <td>-0.379016</td>\n",
       "      <td>-0.459274</td>\n",
       "      <td>-0.447464</td>\n",
       "      <td>0.317941</td>\n",
       "      <td>-0.562960</td>\n",
       "    </tr>\n",
       "    <tr>\n",
       "      <th>CRIM</th>\n",
       "      <td>-0.380072</td>\n",
       "      <td>1.000000</td>\n",
       "      <td>-0.198451</td>\n",
       "      <td>0.405524</td>\n",
       "      <td>-0.054906</td>\n",
       "      <td>0.420524</td>\n",
       "      <td>-0.220363</td>\n",
       "      <td>0.350847</td>\n",
       "      <td>-0.377028</td>\n",
       "      <td>0.625964</td>\n",
       "      <td>0.583389</td>\n",
       "      <td>0.276695</td>\n",
       "      <td>-0.384356</td>\n",
       "      <td>0.405030</td>\n",
       "    </tr>\n",
       "    <tr>\n",
       "      <th>ZN</th>\n",
       "      <td>0.339767</td>\n",
       "      <td>-0.198451</td>\n",
       "      <td>1.000000</td>\n",
       "      <td>-0.534106</td>\n",
       "      <td>-0.041333</td>\n",
       "      <td>-0.516256</td>\n",
       "      <td>0.307812</td>\n",
       "      <td>-0.567796</td>\n",
       "      <td>0.665185</td>\n",
       "      <td>-0.307146</td>\n",
       "      <td>-0.311531</td>\n",
       "      <td>-0.392844</td>\n",
       "      <td>0.175637</td>\n",
       "      <td>-0.390029</td>\n",
       "    </tr>\n",
       "    <tr>\n",
       "      <th>INDUS</th>\n",
       "      <td>-0.463269</td>\n",
       "      <td>0.405524</td>\n",
       "      <td>-0.534106</td>\n",
       "      <td>1.000000</td>\n",
       "      <td>0.062332</td>\n",
       "      <td>0.763583</td>\n",
       "      <td>-0.392193</td>\n",
       "      <td>0.642817</td>\n",
       "      <td>-0.707886</td>\n",
       "      <td>0.591784</td>\n",
       "      <td>0.718764</td>\n",
       "      <td>0.379441</td>\n",
       "      <td>-0.356955</td>\n",
       "      <td>0.556707</td>\n",
       "    </tr>\n",
       "    <tr>\n",
       "      <th>CHAS</th>\n",
       "      <td>0.164782</td>\n",
       "      <td>-0.054906</td>\n",
       "      <td>-0.041333</td>\n",
       "      <td>0.062332</td>\n",
       "      <td>1.000000</td>\n",
       "      <td>0.091023</td>\n",
       "      <td>0.089952</td>\n",
       "      <td>0.085814</td>\n",
       "      <td>-0.097541</td>\n",
       "      <td>-0.005343</td>\n",
       "      <td>-0.034244</td>\n",
       "      <td>-0.124415</td>\n",
       "      <td>0.048970</td>\n",
       "      <td>-0.057013</td>\n",
       "    </tr>\n",
       "    <tr>\n",
       "      <th>NOX</th>\n",
       "      <td>-0.411486</td>\n",
       "      <td>0.420524</td>\n",
       "      <td>-0.516256</td>\n",
       "      <td>0.763583</td>\n",
       "      <td>0.091023</td>\n",
       "      <td>1.000000</td>\n",
       "      <td>-0.301778</td>\n",
       "      <td>0.729233</td>\n",
       "      <td>-0.768309</td>\n",
       "      <td>0.609343</td>\n",
       "      <td>0.666982</td>\n",
       "      <td>0.186073</td>\n",
       "      <td>-0.379936</td>\n",
       "      <td>0.540050</td>\n",
       "    </tr>\n",
       "    <tr>\n",
       "      <th>RM</th>\n",
       "      <td>0.667695</td>\n",
       "      <td>-0.220363</td>\n",
       "      <td>0.307812</td>\n",
       "      <td>-0.392193</td>\n",
       "      <td>0.089952</td>\n",
       "      <td>-0.301778</td>\n",
       "      <td>1.000000</td>\n",
       "      <td>-0.237335</td>\n",
       "      <td>0.199853</td>\n",
       "      <td>-0.213078</td>\n",
       "      <td>-0.293969</td>\n",
       "      <td>-0.339755</td>\n",
       "      <td>0.127888</td>\n",
       "      <td>-0.553126</td>\n",
       "    </tr>\n",
       "    <tr>\n",
       "      <th>AGE</th>\n",
       "      <td>-0.368203</td>\n",
       "      <td>0.350847</td>\n",
       "      <td>-0.567796</td>\n",
       "      <td>0.642817</td>\n",
       "      <td>0.085814</td>\n",
       "      <td>0.729233</td>\n",
       "      <td>-0.237335</td>\n",
       "      <td>1.000000</td>\n",
       "      <td>-0.745097</td>\n",
       "      <td>0.452229</td>\n",
       "      <td>0.503360</td>\n",
       "      <td>0.258251</td>\n",
       "      <td>-0.271925</td>\n",
       "      <td>0.529994</td>\n",
       "    </tr>\n",
       "    <tr>\n",
       "      <th>DIS</th>\n",
       "      <td>0.233469</td>\n",
       "      <td>-0.377028</td>\n",
       "      <td>0.665185</td>\n",
       "      <td>-0.707886</td>\n",
       "      <td>-0.097541</td>\n",
       "      <td>-0.768309</td>\n",
       "      <td>0.199853</td>\n",
       "      <td>-0.745097</td>\n",
       "      <td>1.000000</td>\n",
       "      <td>-0.488474</td>\n",
       "      <td>-0.530379</td>\n",
       "      <td>-0.238155</td>\n",
       "      <td>0.290997</td>\n",
       "      <td>-0.467063</td>\n",
       "    </tr>\n",
       "    <tr>\n",
       "      <th>RAD</th>\n",
       "      <td>-0.379016</td>\n",
       "      <td>0.625964</td>\n",
       "      <td>-0.307146</td>\n",
       "      <td>0.591784</td>\n",
       "      <td>-0.005343</td>\n",
       "      <td>0.609343</td>\n",
       "      <td>-0.213078</td>\n",
       "      <td>0.452229</td>\n",
       "      <td>-0.488474</td>\n",
       "      <td>1.000000</td>\n",
       "      <td>0.910211</td>\n",
       "      <td>0.438646</td>\n",
       "      <td>-0.442406</td>\n",
       "      <td>0.422389</td>\n",
       "    </tr>\n",
       "    <tr>\n",
       "      <th>TAX</th>\n",
       "      <td>-0.459274</td>\n",
       "      <td>0.583389</td>\n",
       "      <td>-0.311531</td>\n",
       "      <td>0.718764</td>\n",
       "      <td>-0.034244</td>\n",
       "      <td>0.666982</td>\n",
       "      <td>-0.293969</td>\n",
       "      <td>0.503360</td>\n",
       "      <td>-0.530379</td>\n",
       "      <td>0.910211</td>\n",
       "      <td>1.000000</td>\n",
       "      <td>0.440962</td>\n",
       "      <td>-0.440830</td>\n",
       "      <td>0.482088</td>\n",
       "    </tr>\n",
       "    <tr>\n",
       "      <th>PTRATIO</th>\n",
       "      <td>-0.447464</td>\n",
       "      <td>0.276695</td>\n",
       "      <td>-0.392844</td>\n",
       "      <td>0.379441</td>\n",
       "      <td>-0.124415</td>\n",
       "      <td>0.186073</td>\n",
       "      <td>-0.339755</td>\n",
       "      <td>0.258251</td>\n",
       "      <td>-0.238155</td>\n",
       "      <td>0.438646</td>\n",
       "      <td>0.440962</td>\n",
       "      <td>1.000000</td>\n",
       "      <td>-0.175251</td>\n",
       "      <td>0.393263</td>\n",
       "    </tr>\n",
       "    <tr>\n",
       "      <th>B</th>\n",
       "      <td>0.317941</td>\n",
       "      <td>-0.384356</td>\n",
       "      <td>0.175637</td>\n",
       "      <td>-0.356955</td>\n",
       "      <td>0.048970</td>\n",
       "      <td>-0.379936</td>\n",
       "      <td>0.127888</td>\n",
       "      <td>-0.271925</td>\n",
       "      <td>0.290997</td>\n",
       "      <td>-0.442406</td>\n",
       "      <td>-0.440830</td>\n",
       "      <td>-0.175251</td>\n",
       "      <td>1.000000</td>\n",
       "      <td>-0.339910</td>\n",
       "    </tr>\n",
       "    <tr>\n",
       "      <th>LSTAT</th>\n",
       "      <td>-0.562960</td>\n",
       "      <td>0.405030</td>\n",
       "      <td>-0.390029</td>\n",
       "      <td>0.556707</td>\n",
       "      <td>-0.057013</td>\n",
       "      <td>0.540050</td>\n",
       "      <td>-0.553126</td>\n",
       "      <td>0.529994</td>\n",
       "      <td>-0.467063</td>\n",
       "      <td>0.422389</td>\n",
       "      <td>0.482088</td>\n",
       "      <td>0.393263</td>\n",
       "      <td>-0.339910</td>\n",
       "      <td>1.000000</td>\n",
       "    </tr>\n",
       "  </tbody>\n",
       "</table>\n",
       "</div>"
      ],
      "text/plain": [
       "             MEDV      CRIM        ZN     INDUS      CHAS       NOX        RM  \\\n",
       "MEDV     1.000000 -0.380072  0.339767 -0.463269  0.164782 -0.411486  0.667695   \n",
       "CRIM    -0.380072  1.000000 -0.198451  0.405524 -0.054906  0.420524 -0.220363   \n",
       "ZN       0.339767 -0.198451  1.000000 -0.534106 -0.041333 -0.516256  0.307812   \n",
       "INDUS   -0.463269  0.405524 -0.534106  1.000000  0.062332  0.763583 -0.392193   \n",
       "CHAS     0.164782 -0.054906 -0.041333  0.062332  1.000000  0.091023  0.089952   \n",
       "NOX     -0.411486  0.420524 -0.516256  0.763583  0.091023  1.000000 -0.301778   \n",
       "RM       0.667695 -0.220363  0.307812 -0.392193  0.089952 -0.301778  1.000000   \n",
       "AGE     -0.368203  0.350847 -0.567796  0.642817  0.085814  0.729233 -0.237335   \n",
       "DIS      0.233469 -0.377028  0.665185 -0.707886 -0.097541 -0.768309  0.199853   \n",
       "RAD     -0.379016  0.625964 -0.307146  0.591784 -0.005343  0.609343 -0.213078   \n",
       "TAX     -0.459274  0.583389 -0.311531  0.718764 -0.034244  0.666982 -0.293969   \n",
       "PTRATIO -0.447464  0.276695 -0.392844  0.379441 -0.124415  0.186073 -0.339755   \n",
       "B        0.317941 -0.384356  0.175637 -0.356955  0.048970 -0.379936  0.127888   \n",
       "LSTAT   -0.562960  0.405030 -0.390029  0.556707 -0.057013  0.540050 -0.553126   \n",
       "\n",
       "              AGE       DIS       RAD       TAX   PTRATIO         B     LSTAT  \n",
       "MEDV    -0.368203  0.233469 -0.379016 -0.459274 -0.447464  0.317941 -0.562960  \n",
       "CRIM     0.350847 -0.377028  0.625964  0.583389  0.276695 -0.384356  0.405030  \n",
       "ZN      -0.567796  0.665185 -0.307146 -0.311531 -0.392844  0.175637 -0.390029  \n",
       "INDUS    0.642817 -0.707886  0.591784  0.718764  0.379441 -0.356955  0.556707  \n",
       "CHAS     0.085814 -0.097541 -0.005343 -0.034244 -0.124415  0.048970 -0.057013  \n",
       "NOX      0.729233 -0.768309  0.609343  0.666982  0.186073 -0.379936  0.540050  \n",
       "RM      -0.237335  0.199853 -0.213078 -0.293969 -0.339755  0.127888 -0.553126  \n",
       "AGE      1.000000 -0.745097  0.452229  0.503360  0.258251 -0.271925  0.529994  \n",
       "DIS     -0.745097  1.000000 -0.488474 -0.530379 -0.238155  0.290997 -0.467063  \n",
       "RAD      0.452229 -0.488474  1.000000  0.910211  0.438646 -0.442406  0.422389  \n",
       "TAX      0.503360 -0.530379  0.910211  1.000000  0.440962 -0.440830  0.482088  \n",
       "PTRATIO  0.258251 -0.238155  0.438646  0.440962  1.000000 -0.175251  0.393263  \n",
       "B       -0.271925  0.290997 -0.442406 -0.440830 -0.175251  1.000000 -0.339910  \n",
       "LSTAT    0.529994 -0.467063  0.422389  0.482088  0.393263 -0.339910  1.000000  "
      ]
     },
     "execution_count": 20,
     "metadata": {},
     "output_type": "execute_result"
    }
   ],
   "source": [
    "# Person 상관계수\n",
    "cols = ['MEDV', 'CRIM', 'ZN', 'INDUS', 'CHAS', 'NOX', 'RM', 'AGE', 'DIS', 'RAD', 'TAX', 'PTRATIO', 'B', 'LSTAT']\n",
    "\n",
    "corr = data[cols].corr(method = 'pearson')\n",
    "corr"
   ]
  },
  {
   "cell_type": "code",
   "execution_count": 21,
   "id": "e242b4f8-b373-43ac-a270-de30681c5a2e",
   "metadata": {},
   "outputs": [
    {
     "data": {
